5.600000000000000000e+01 4.300000000000000000e+01
6.500000000000000000e+01 4.200000000000000000e+01
6.400000000000000000e+01 3.300000000000000000e+01
7.600000000000000000e+01 3.700000000000000000e+01
5.100000000000000000e+01 3.400000000000000000e+01
6.300000000000000000e+01 4.100000000000000000e+01
5.600000000000000000e+01 5.500000000000000000e+01
5.800000000000000000e+01 4.100000000000000000e+01
6.400000000000000000e+01 3.000000000000000000e+01
6.900000000000000000e+01 3.400000000000000000e+01
9.300000000000000000e+01 3.300000000000000000e+01
7.900000000000000000e+01 3.200000000000000000e+01
7.800000000000000000e+01 4.000000000000000000e+01
7.900000000000000000e+01 3.400000000000000000e+01
6.100000000000000000e+01 3.100000000000000000e+01
6.700000000000000000e+01 4.000000000000000000e+01
